0 65001
1 65002
2 65003
3 65004
4 65005
5 65006
6 65007
7 65008
8 65009
9 65010
10 65011
11 65012
12 65013
13 65014
14 65015
15 65016
16 65017
17 66001
18 66002
19 66003
20 66004
21 66005
22 66006
23 66007
24 66008
25 66009
26 66010
27 66011
28 66012
29 66013
30 66014
31 66015
32 66016
33 66017
34 66018
35 66019
36 66020
37 66021
38 66022
39 66023
40 66024
41 66025
42 66026
43 66027
44 66028
45 66029
46 66030
47 66031
48 66032
49 66033
50 66034
51 66035
52 66036
53 66037
54 66038
55 66039
56 66040
57 66041
58 66042
59 66043
60 66044
61 66045
62 66046
63 66047
64 66048
65 66049
66 66050
